1003039493
1003705412
10040591
1004556655
10047226
100661663612077
1006758047
1006877751
1007649171
1007848444
1008623
1009216282
1009225236
1009608592468971
1011499092
1011536740
1011750433
1012033533
1012422481
1012703101
1013165857
1013175551
1013850270
1014142702
1014159659
1014423542
1014714844
1014815384
1014937924
1015510903
1015683100
1015858367
1015863157
1016109502
1016343763
1016483224
1016767976
1016897562
1017023658
1017157023
1017167381
1017210161
1017349063
1017712896
1017747950
1017895065
1018231518
1018386998
1018390055
1018677306
1018681819
1018820152
1019081878
1019421591
1019496363
1019513771
1019525580
1019553030
1019607634
1019703767
1019758966
1019848733
1019852369
1020001552
1020094763
1020136996
1020241868
1020244205
1020269655
1020275780
1020329865
1020394254
1020400637
1020412415
1020597130
1020646481
1020983282
1021100860
1021124651
1021134341
1021276901
1021293551
1021351363
1021710535
1021758564
1021780803
1021944164
1021979013
1022081225
1022092913
1022147653
1022169734
1022244850
1022311729
1022483009
1022537610
1022611212
1022867951
1022927483
1023548289
1023644806
1023766603
1023835040
1023989910
1024083700
1024148747
1024177875
1024264490
1024308616
1024346551
1024565034
1024588177658391
1024851099
1025019890
1025053581
1025168526
1025323691
1025624102
10259433
1025992639
1026265712
1026367603
1026455214
1026476748
102663345
1026694978
1026788076
1026900036
1027029603
1027057851
1027099480
1027538673
1027591613
1027695213
1027731023
1027911429
1027975316
1028018046
1028103717
1028149048
1028175120
1028199370
1028492946
1028531553
1028655726
1028678490560357
1028680858
1028812260
102884200
1029049186
1029120253
1029278920
1029381053
1029907471
1029921282
1030352199
1030352738
1030437095
1030607532
1030791072
1030840790
1031033065
1031065472
1031515192
1031643336908092
1031672021
1031686110
1031694679
1031805447
1031805481
1032100981
1032249766
1032370470
1032393583
1032438681
1032793750
1032987264
1033170453
1033259147
1033288212
1033581992
1033598833
1033841543
1033992491
1034321017
1034421187
1034543806
1034571680
1034626257
1034630133
1034653870
1034796343
1034799400
1035003743
1035085138
1035283410
1035377041
1035544095
1035561454
1035640556
1041916
1042061
1044441065644294
105041
105304657
1053891
10650612
1071686712894671
108116
1085238464864428
1087004
109264
1094760
10952181
10965151
1097804740316045
1098324
1103224909767402
1109203659101495
110968
1116214245101758
1117680964941064
11247424
1130541
11306179
113269919124660
1133370
1133743
1134546
1134706013261413
11349293
113651164
1137724916267397
1140785472626683
114093
1144943048898544
1144993
1149489
115179
115249
115258
115474260
1161836
116231
117385
11741638
1174636
1174687
11748640
1175722172448623
11818056
1181838725171818
1182165518492254
1182270
1185445521495354
119246008572559
1194695390550195
11949853
120107251486656
1203913
121480
1215263925191609
12195708
122498340
1228407967230261
1231158
123359575
1239220152755644
1240344489350084
1241046015927068
1245912
12488799
1257747
12586308
126330552
127532564
127867241
128160
128225615
128426
12871967
1293906967295388
12949863
129726304
130317
1304677
130599849
1308141
1308146
13111245
131364
1319906
1320606
13248500
1330314
1337211
13405373
1342030
1349435
1352433
1353081
136481216374983
1367301
13680211
13710382
13775913
138110476669540
13821450
13828562
138458675
138485
1388694148117832
1390606
1392262
13965
139652528
140106040
1403661779944595
1404639
140692930
14083
1413170978700615
1414280
1416485
1416890
142142
142150
14232259
14237285
1429926
1431559140210495
1442618662433866
144813742593073
14502060
1450216
14528620
1456772
145999296
1492634
14948533
149700330
150502
1505966
151283785
151366
1514789108561880
15192029
152182
152494
1537401
153965
1551002
1551806498450339
1554343561529238
1562928
1572447449718543
157436663
1582098
1582606058706196
15861489
1589993241306435
1591397
15974629
15997140
16038980
161522951
16192754
16197440
162717480
1629386
1629703974015384
1634216746852379
1636889479974182
1637296169925574
1638122589820772
1638990412980895
1644836372510707
1647785845512223
1647894
1648339175460289
165661243840898
1667662440151482
1675858492729785
1683791485208715
1688647101387942
1689139951370146
169108
1694771
1698827037073372
1699349250280791
1702788666647354
171605
1719236345001274
1719402
1720361931523182
1720770451499556
1723199664635435
1724365
1727684390838032
1728898157376999
173025460
1733717950226764
1735351
1738882253047345
17398
1741464992837915
1742412026006216
1742901609365965
1742983749306993
174419299654053
1746632
17473121
1749890281928230
1752232678389811
175318179581221
17538386
1759406690973371
17594776
1762710
1770115383264696
1779554732295882
1784568418456782
1786234
1787176191519769
179600919083612
1797354463813765
1799808
1801137976788014
1802648
180694805315122
1807218286201347
18076451
1808093
1810008235902515
18152031
18167
1820718
1849338858612516
1853578
1854327
185651545202709
18579891
1858892
1860247
1873370
18736969
1874694
1876461
1877655
1893519
190051358106190
19038354
190773581291637
191024
1911474
19212856
1926019
193492991113315
1935745
1941362
19774587
197805240624822
1993528
1996773
1999133
200492263664897
201199420294549
201258
201537
20181970
2027355490823512
2027570
203016
2044209
20519
2058327
208219332720946
2098019
2100197
210263466
2104725116333441
2107949
2109292
2112269
21123608
211444992
211994
212644085866337
213051798
213100965
213113201
213119542
213197666
213226541
213226563
213227096
213250072
213303575
213307896
213365886
213399240
213553156
213585765
213599922
213630248
213679928
213808005
213816
213826185
213826276
213902470
213924621
213958314
214063175
214343981
214348218
214487811
214495883
214499540
214610779
214612117
214618987
214704694
214949896
214996002
215082520
215140461
215230904
215250746
215265930
215378689
215617742
215645147
215764181
215998375
216322589
216431612
216456989
216557433
216631956
216696284
216884
216995076
217041
217091347
217157104
217217161
217223601
217259067
2173144
217565
217569941
217572628
217661774
217741
217744884
217886405
217892365
218099613
218128833
218227260
218366403
21854768
218649571
218682314
21883554
219077138
219196913
219298998
2193887
219469737
219564875
219644558461923
219708620
219809950
219926469
220034900
220437030
220590138
220660528
2208804
220971184
220972031
221026182
221250404
221545428209860
221558951
221661748
221762863
222243660
222549722
222681414
222875350
222928466
223196026
223288784
223302781
223458508
223549365
223608090
224033126
224045022
224119650
224317620
224637975
224791536
224854141
224907385
225205800
22541683
225490329
225565550
225587141
225949251
226170877
226480063
2265508
227319
227553048
227705997
227711961
227773768
227800399
22789185
227892532
228012551
228524727
228544335
228639359
228778
228883563
229175174
229289888
229476
229506732
229588274
229680448
22977448
229780179
230101422
23018062
230228317364339
230691087
230805513
2318735
232063
232863992
233068854
233633774
234286448
234316730
234317982
234383435
234403303
234442645
234477475
234565924
234577877
234654993
234735027
234816928
234940756
235033796
235109586
235149612
235193584
235217485
235230223
235418444
235435018
235475317
235511740
235534684
2355723
235603660
235641045
235672111
235715001
235746756
235818226
235833122
235838991
235848192
235882590
235891565
235895146
235918806
236221093
236223349
236317943
236347362
236379573
236393003
236406296
236489753
236543330
236565244
236835866
236889308
236912821
236933098
236966120
236968659
236974020
237014313
237049993
237069550
237202219
237253197
237342559
237354457
237583150
237801421
237856778
237868337
237953542
238059743
238308150
238627432
238689701
238713841
2388094
238875464
238885101
238953125
238994598
2392182
239358596
239379532
239449506
239496491
239502537
239511690
239535425
239551118
239713071
240014581
240138142
240197792
240202303
240229017
240472056
240487469
24057326
240587161
240636360
240641423
24068889
2408070
240824327
240919149
240953803
240966232
240990225
241037679605577
241142079
241176514
241405290
241414824
241419044
241536742
241643460
241877488
242016223
242068022
242076075
2421606
242170666
242249481
24229542
242326473
242342836
242421610
242472345
242931719
242991019
24340387
243695023
243697412
243736751
243736916
2437630
243772977
243843473
243911413
243935868
243974037
244325134
244396616
244597905
244631799
244649116
244879217
244902968
245095910
245158366
245189434
245266162
245797891
245798044
245814105
245847130
245889463
245942364
246257149
246260336
246266541
246282216
246599737
2467277
247187996
247254610
247269890
247404137
247536975600745
247619998
248016613
248164397
248578356
248610650
248641660
24926269
249882560
249910178
249953889
249989245
250011737
250063483
250547794
250629889
250655019
250699498
250710779
251004687
251123149
251137041
251146974
251492501
25157
251860408
251904669
251996130
252134640
252219271
252341980
25239
252657505
252705821
252815253
252927982
253109668
253185807
253299710
253729577
2537458
253747233
253780157
253796584
253923363
254741190
254878367
254943043
254950897
255364887
255412295
255471926
255549280
255616123
255668454
2558256
25599222
256256837
256294609
256306999
256632844701903
256737722
256776599
256826584
256849808
256878393
257061467
257085992
257208250
257229684
25746915
257536771
257798933
257902910
257992035
258045175
258130491
258236727
2585242
258545744
258612518
258616622
258707415
258753385
258877734
258938016
258958116
258974590
258979757
258981861
259024414
259164875
259645525
259687988
25973518
259749350
2597593
259873744
260163962
260256760
260856765
260910812
261092543
261258916
261336447618323
261436844
2615695
2616305
261908382
262237344
262255776
262352676
262585029
262601477
262890462
262955357
262960107
263029752
263045858
263235690
263304073
26385778
263906483
263925404
264035773
264054381
264074460
264141617
264163342
264311964
264587869
264615622
264827573874671
265463433794765
265701553
265762875
265775681
265779567
265956013
266084237
26630261
266383850
266562365
26662661
266645754
266670102
266800400357923
266852757
266896547
266912968
266925797
267436103
267607006
26780752
267899260
268028427
268029222
268145232
268211875
268262093
268323945
268344803
2683900
268459223
268723034
268812507
268829940
269110010
269691904
269726553
269795984
269858
269943320040477
270023566669639
2700340
270059692
270086655
270676861
270680449
271053996
271250991
271624812
2716866
2725076
272579250
272843946
272898484
273292960
27335221
273477088
274026761
2740572
274143039
274322891
274798459
275012724
275148890
275183747
275221253
275790673
275942359
276467222
276696865
277369619
277428352
277766709
277932882
278344366
279070120
279404323
279407053
279432921
2795175
279922596
280101976
280670685
280705606
281480578
282024
282193754
282386257
282454848
282520315
2825861
282984912
283126199
283323055337652
284148585
284189252
284391731910313
28499
285086993
285551335175652
285987733
28656705
286861911
286898441
287045696
287548123
287880368
288051567
288109642
288364764839816
2887266
288995693
289080545
290082481324529
290082936
29019
291055099
291388591
2914227
291794549
292068911
292558048
2925849
292962401
293054114
293054350
293178
293259672
2933190
294642516
2949648
295787509
296022663
296078981
296508838
296534844
2965416
297019759
297326188
297415489
297801277
298186184
298511478
298533004
298534092
298966670314114
299176296
2999938
300282071
302264142
303929670
304741886
3056413
305903991
306046364
306447159
306470237
306473371
308635903
3092152
3095743
309594683
3099018
310092401
31059079
310667716
310998005
311428170
312080233
312212491
312384787
312479635
3127936
313034923
313188089
313353368
313376621
313482161
3136310
314213834
314234200
314315077
314402462
314442836
315136271
315686262117720
317598228613560
3179470
318044761
3181987
318537565163334
319870038
320179791
3204542
320780367
3208893
322012124
323339
324716242
3249528
325320221
325806295
3258418
326338124411107
326345064400375
327007003
327100032
3273301
327657565
327772973
327963760
3290959
329721142
329972448
330464589
330586396
331069367
332175
332489600
332505848
333615
333651884
333822271
333866035
336632017
336731848
337326655
3374747
33791105
338195895
338534040
3399980
340312593
340848866
341575260
34172
342230
342507
342607189
342900200
34293645
343101
343249502
344129354
3444639
345155744
3454647
345530032
346352394
346372321
34710789
348267827
348779
350865583
350885642
351101516147
351782
35241964
352558
352568810
352620415
352635681
352729347
353050588
3537394
354769
354829818
35518774
355303586
355310217
357400388
358092990
358329830
3584179
359251691
359410237
36051093
360677
361213
362285431
362844281
362970
36338475
363485
36393815
364006964
364271839
364305607
36462241
366174020
366778281
369044483
36969894
36973312
370063482
370129652
370610655
370697082
3712980
371464784
373088627
3731474
373738474
3753537
376209663
376222447
377111099
3789302
379431628
379578627
3815783
382526847
382707135
383237442
383420217
383951436
384868024
3851117
3855598
385709348
386053704
387389998
388314825
389110329
390223156
390473578
391456344260904
392285232
392573
3940476
396585010
396605923
397544169
398513780
399769847
39992474
400505753628718
400668420
400996428
40363398
404095584
404765600
404883523
405682828
406120078
4069747
4072483
408446457
40904071
410131518
410456735
412212222
412306622
413343925
413627
414075308
414211438
4146962
415021049
415231488
415493059
41561654
4157513
41621386
416631343
417438477
417678
419326642
4197387
420449108
422228
422836429
422866608
423846020
4254018
42574778
4265938
426909741
428994113
429538311
429668
429700
429850
429952767
429982
4302577
430599
431693934
432664264
432681478
432749798
434784699
435347070
436360175
436681657
437099899
437120465
437710081
439560825
441223
442304286
442419254
442684094
443265
443394
443403649
44374414
445137
445915995
446167633
44711
447234246
447265947
448384067
448986702
453495790
453802332
453940316
454192713
454256638024130
454954950
455310429
4554239
456303557
456562808
45834041
459398304
4595703
460635447449990
460645358
461216487402221
461357571
461607944
46332089
466126659
466339934
46660990
467565555
468814
46934959
469503930
469866178
470099176
47070013
470965537
471699
472577836
472819511
473602317
474088395
474899891
4780205
481282902
48145875
482958035
4836542
483808234
4851182
485188845
486890683
487068997
48724728
488794215
489344
4898194
490222
490284172
490296
491612937
494199524
494265620
495529600
4957209
496168
496265
496886460
496929261
496940843832357
498021783
498673587
4993458
501936827
502303796
503237333214312
504476176250306
504502619
505400655
505464056325926
505855196269913
5066453
50669622
508497432
50852027
508645092658615
508694840
509321449
509943
510196500
510226321
5110612
5120322
513260652199343
51491045
5156066
515773483
516298997
5174574
517485
5175051
518829440
51905115
51925807
519781300
520556351
521059641
521407
522234671
522917443
524135509
526178
526403881
526582054
52712513
529283560564011
530410574
5325777
534500353242560
5346862
5348983
535966909941102
536935716
5369807
5370648
5370990
537221033144732
537587448
537724748
537998766
539854110
539946200
542021329
544693751
546202980
546603386
5474498
5474967
548390037
5485953
550280751843619
5512708
551302240
5524176
552896
553688
555229970
555919006
5560968
557715757
560172047514749
560581962
561379756
561775887
5626526
562939404
563064413
5633468
563359560519055
566009362
567010992
567168599
569612271
570609576
572094959649977
57229783
572325072
57466
574665957
574752364
576296831
577127
578616443
578797861
579339685
57945185
5798799
5799438
582986665
5841672
585948143
5869910
5871155
587370403
5898942
5920807
593668267
594141886
594181
594866
595381473
595394
596308894
5969429
59712
5973034
597835392
597872910415722
599062590
5994968
599883562
601473107
601673269
602182175
603826520
603979108
605879526
6064642
607103964
607377059
607727580
6099810
611369756
611667687
613200922190380
613271043
613435762
613475099
614620072
616117
617484139
6176714
618488
618584738292033
619216
619370
619399000
6203333
621391889
622750114
622853104
624157432
62510817
625936762
6261321
626440507
630727882
63134611
6313808
632243231
6326806
634365128
635421496
635426640
63786430
639796118
640410692
641772
642065551
643747193
64524
646619925
646684781
647646525388177
648652732
650340
651682564
65169034
654422002
6555064
656887362
657535070
657810718
658046038
658408
658904669
660242
66040579
669209542
6693359
670567915
670618936426991
6716
67527265
675471378
6783354
6801140
6812474
681650995
682137975297154
682956
683514512
683540747
684608
685136464958202
6862455
686449071
686909744806810
687732096
688059811
688395227926840
69038509
691474893
69281401
693054310
694027680766303
694639
696054790
698112824
698632373612733
699144472
700470216778539
7020583
702954480
703293502
704054833
705516156
705558660
705636940
707207
708744
709343
710519206
712612634
713267404
714441322
716690490
718888273
721167515
721326008
722912614
723775075
725303294
726377802
727495459
727665594
7280011
728002857
728244276
7284588
729633187
731296868
731334721
731581826
731920949
73359052
734477147
737137409
738092258
738348889
738626100
739356791
73958
73992705
741205742
742099824
742288
743953972
745278963
746882272
747168038
748844870
751361195
751559917
75164929
75561564
756526742
758018986
758038725
7594202
759894558
761206533
76144
761461930
761569751
7622879
763990426
766151236824436
766597441
769343580
769364437
770304
770868330
771163832
773004456173111
774123774
774262063
77536020
778069727
778264092
778776662
778834839
7793288
780505256
781484093
783454344
785211200
785372691
787126536
787680177
787746983
791049960
791114979
791233825
79212
792554641
793647243
7942427
794993810
796123807
7965901
797922182
801617095
802381636568122
802617515
803208004
803295954
803320010
805531
80589512
807043227
8092514
809481880
809864161
809886572
81118487
814511
8164598
8169837
817435396
819249773
819690
821772168
824299775
825406618
8276312
828409200594481
829327886
831855394
832376732
83408589
834888516633782
835678522
835828873
836817591
838468
840504
843455282455458
844391322
845049668881426
8454575
845673262206633
845721744
847089961
847201557
847246288
84835117
850972555
851068765
852005
852081
853826152
858068280
864196421
866828633
867922978
868313
86918647
87032818
870840564
87162843
871629331
873350134
8734516
873534
87712361
879786022152843
879805093
881861919
883182
883472205
88491
885500037
8901847
8903396
8906954
8914
891660
892605735
895521
896011320
8971804
898142
898826285
899660280
900056
901378959
9013895
901447520000424
901867
9041321
904383866
906627156
907981770
908061033
909572005
910478682
910657474
910886058
912286
912863021
913721
914950338
9151457
9155932
917326482
91816502
919059710
919140428
919191001
91978132
9199851
921804969
922058771239039
9231447
923661043
925086554285263
925730255
926254637
926296993
926298450736230
92782781
928215
929512809
930496389
930812675
939197514
940295
942768708
943509269128510
943630121
945127972
947703428682966
95012087
9522122
9528931
95502002
959613487
961687832
964749056
966049370142480
967495762
970484392
972602049
974662596
975051869278492
976721685
97888
979153608
979205
97995247
980741327
980782332049148
982405618523641
983710774
985571
986527725
988787261
989602292
990723
992645286
993237716
995002099
995378798
995410380
99984651
